2408000a
24090003
01095021
01095823
0169602a
012b682b
01207080
01c07842
3c101234
01098824
01099025
01099826
0109a027
24150040
aeaa0000
8eb60000
02c9b821
24080005
11080001
24181111
15090001
24182222
24183333
0c00001e
241b0084
03600008
03e00008
24197777
00000000
00000000
241a6666
03e00008
00000000
241efff8
03c0e843
241c8888
08000024
00000000
00000000
00000000
00000000
00000000
00000000
00000000
00000000
00000000
00000000
00000000
00000000
00000000
00000000
00000000
00000000
00000000
00000000
00000000
00000000
00000000
00000000
00000000
00000000
00000000
00000000
00000000
